27
0.719830512236478 -0.6941498639727374 -0.0
0.9968126261167243 0.07977837059178419 -0.0
0.9704802238917697 -0.24118071032937155 -0.0
0.7800640922937759 -0.6256996179588793 -0.0
0.6407819794298618 -0.7677229023794647 -0.0
0.9762966139890503 0.2164368765102569 -0.0
-0.6517585628268314 0.7584265131058539 0.0
0.9991278737828961 0.04175514136090763 -0.0
0.6516165007582433 -0.758548571905308 -0.0
0.2347025846337042 -0.9720672285219059 -0.0
0.9777343281043005 -0.2098465716813898 -0.0
0.5241109553239799 -0.8516499906119797 -0.0
0.9689392915740693 0.24729870449305047 -0.0
0.9527451937857341 0.3037706301112469 -0.0
-0.263765913210232 -0.9645867213622488 0.0
-0.9200929627640623 0.39170006366102494 0.0
0.9298059518964171 -0.36805012133946824 -0.0
0.9710933361891028 0.23870008883349408 -0.0
0.9805564736366871 0.19623710660623014 -0.0
0.9935987288021517 0.1129671019489672 -0.0
0.4023176040857437 0.9155001613559153 -0.0
0.23199855569049216 0.9727161303060238 -0.0
0.9690543550872316 -0.24684743645917984 -0.0
-0.6276970102862566 -0.7784577466232161 0.0
0.4016320289911772 -0.9158011319541105 -0.0
0.9482628400491527 0.3174863558988244 -0.0
-0.37697218987272874 0.9262245775526361 -0.0
