27
0.2529046067451911 -0.9674912195400331 0.0
0.6296501282539296 0.7768788296702456 0.0
0.8623784458849411 0.5062641761699851 0.0
0.9740201835611252 0.22646121525672402 -0.0
0.6263956332202031 -0.7795052986879957 0.0
0.9443625504066563 0.32890632920245777 0.0
0.8554402210272996 0.5179015623154317 0.0
0.9605949675712049 0.2779519891579768 0.0
0.686998650372792 0.7266586918120242 -0.0
0.9915453835131299 0.12976036541949354 0.0
0.995057885314609 -0.09929655015768524 0.0
0.7128704639106487 -0.7012957305472609 0.0
0.5816830640843125 0.8134155229386061 -0.0
0.9766065837750075 0.21503390552959156 0.0
0.8929357435725063 -0.4501841377154635 0.0
0.9927539238652171 0.12016508082723054 0.0
0.9954316631182797 -0.09547671999800006 -0.0
0.9997914506323138 -0.020421930431135937 0.0
0.962331313365436 -0.27187946468307417 0.0
0.9682228663310577 -0.2500889464044159 0.0
0.990472173831623 0.13771300906326478 -0.0
0.2565856961269647 -0.9665214847808826 0.0
0.8855921455800027 -0.46446372483435916 0.0
0.7667350413060544 -0.6419636877841324 0.0
-0.03154031565546589 -0.9995024804813409 0.0
0.8899460539337035 -0.4560658078477602 -0.0
0.8282611540138776 -0.560342271073315 0.0
