1 (0.25, 0.4330127018922193, 0.0)
2 (1.25, 0.4330127018922193, 0.0)
3 (2.25, 0.4330127018922193, 0.0)
4 (3.25, 0.4330127018922193, 0.0)
5 (4.25, 0.4330127018922193, 0.0)
6 (5.25, 0.4330127018922193, 0.0)
7 (6.25, 0.4330127018922193, 0.0)
8 (7.25, 0.4330127018922193, 0.0)
9 (8.25, 0.4330127018922193, 0.0)
10 (9.25, 0.4330127018922193, 0.0)
11 (10.25, 0.4330127018922193, 0.0)
12 (11.25, 0.4330127018922193, 0.0)
13 (0.0, 0.8660254037844386, 0.0)
14 (0.5, 0.8660254037844386, 0.0)
15 (1.0, 0.8660254037844386, 0.0)
16 (1.5, 0.8660254037844386, 0.0)
17 (2.0, 0.8660254037844386, 0.0)
18 (2.5, 0.8660254037844386, 0.0)
19 (3.0, 0.8660254037844386, 0.0)
20 (3.5, 0.8660254037844386, 0.0)
21 (4.0, 0.8660254037844386, 0.0)
22 (4.5, 0.8660254037844386, 0.0)
23 (5.0, 0.8660254037844386, 0.0)
24 (5.5, 0.8660254037844386, 0.0)
25 (6.0, 0.8660254037844386, 0.0)
26 (6.5, 0.8660254037844386, 0.0)
27 (7.0, 0.8660254037844386, 0.0)
28 (7.5, 0.8660254037844386, 0.0)
29 (8.0, 0.8660254037844386, 0.0)
30 (8.5, 0.8660254037844386, 0.0)
31 (9.0, 0.8660254037844386, 0.0)
32 (9.5, 0.8660254037844386, 0.0)
33 (10.0, 0.8660254037844386, 0.0)
34 (10.5, 0.8660254037844386, 0.0)
35 (11.0, 0.8660254037844386, 0.0)
36 (-0.5, 0.8660254037844386, 0.0)
37 (-0.25, 1.299038105676658, 0.0)
38 (0.75, 1.299038105676658, 0.0)
39 (1.75, 1.299038105676658, 0.0)
40 (2.75, 1.299038105676658, 0.0)
41 (3.75, 1.299038105676658, 0.0)
42 (4.75, 1.299038105676658, 0.0)
43 (5.75, 1.299038105676658, 0.0)
44 (6.75, 1.299038105676658, 0.0)
45 (7.75, 1.299038105676658, 0.0)
46 (8.75, 1.299038105676658, 0.0)
47 (9.75, 1.299038105676658, 0.0)
48 (10.75, 1.299038105676658, 0.0)
49 (-0.5, 1.7320508075688772, 0.0)
50 (0.0, 1.7320508075688772, 0.0)
51 (0.5, 1.7320508075688772, 0.0)
52 (1.0, 1.7320508075688772, 0.0)
53 (1.5, 1.7320508075688772, 0.0)
54 (2.0, 1.7320508075688772, 0.0)
55 (2.5, 1.7320508075688772, 0.0)
56 (3.0, 1.7320508075688772, 0.0)
57 (3.5, 1.7320508075688772, 0.0)
58 (4.0, 1.7320508075688772, 0.0)
59 (4.5, 1.7320508075688772, 0.0)
60 (5.0, 1.7320508075688772, 0.0)
61 (5.5, 1.7320508075688772, 0.0)
62 (6.0, 1.7320508075688772, 0.0)
63 (6.5, 1.7320508075688772, 0.0)
64 (7.0, 1.7320508075688772, 0.0)
65 (7.5, 1.7320508075688772, 0.0)
66 (8.0, 1.7320508075688772, 0.0)
67 (8.5, 1.7320508075688772, 0.0)
68 (9.0, 1.7320508075688772, 0.0)
69 (9.5, 1.7320508075688772, 0.0)
70 (10.0, 1.7320508075688772, 0.0)
71 (10.5, 1.7320508075688772, 0.0)
72 (-1.0, 1.7320508075688772, 0.0)
73 (-0.75, 2.1650635094610964, 0.0)
74 (0.25, 2.1650635094610964, 0.0)
75 (1.25, 2.1650635094610964, 0.0)
76 (2.25, 2.1650635094610964, 0.0)
77 (3.25, 2.1650635094610964, 0.0)
78 (4.25, 2.1650635094610964, 0.0)
79 (5.25, 2.1650635094610964, 0.0)
80 (6.25, 2.1650635094610964, 0.0)
81 (7.25, 2.1650635094610964, 0.0)
82 (8.25, 2.1650635094610964, 0.0)
83 (9.25, 2.1650635094610964, 0.0)
84 (10.25, 2.1650635094610964, 0.0)
85 (-1.0, 2.598076211353316, 0.0)
86 (-0.5, 2.598076211353316, 0.0)
87 (0.0, 2.598076211353316, 0.0)
88 (0.5, 2.598076211353316, 0.0)
89 (1.0, 2.598076211353316, 0.0)
90 (1.5, 2.598076211353316, 0.0)
91 (2.0, 2.598076211353316, 0.0)
92 (2.5, 2.598076211353316, 0.0)
93 (3.0, 2.598076211353316, 0.0)
94 (3.5, 2.598076211353316, 0.0)
95 (4.0, 2.598076211353316, 0.0)
96 (4.5, 2.598076211353316, 0.0)
97 (5.0, 2.598076211353316, 0.0)
98 (5.5, 2.598076211353316, 0.0)
99 (6.0, 2.598076211353316, 0.0)
100 (6.5, 2.598076211353316, 0.0)
101 (7.0, 2.598076211353316, 0.0)
102 (7.5, 2.598076211353316, 0.0)
103 (8.0, 2.598076211353316, 0.0)
104 (8.5, 2.598076211353316, 0.0)
105 (9.0, 2.598076211353316, 0.0)
106 (9.5, 2.598076211353316, 0.0)
107 (10.0, 2.598076211353316, 0.0)
108 (-1.5, 2.598076211353316, 0.0)
109 (-1.25, 3.031088913245535, 0.0)
110 (-0.25, 3.031088913245535, 0.0)
111 (0.75, 3.031088913245535, 0.0)
112 (1.75, 3.031088913245535, 0.0)
113 (2.75, 3.031088913245535, 0.0)
114 (3.75, 3.031088913245535, 0.0)
115 (4.75, 3.031088913245535, 0.0)
116 (5.75, 3.031088913245535, 0.0)
117 (6.75, 3.031088913245535, 0.0)
118 (7.75, 3.031088913245535, 0.0)
119 (8.75, 3.031088913245535, 0.0)
120 (9.75, 3.031088913245535, 0.0)
121 (-1.5, 3.4641016151377544, 0.0)
122 (-1.0, 3.4641016151377544, 0.0)
123 (-0.5, 3.4641016151377544, 0.0)
124 (0.0, 3.4641016151377544, 0.0)
125 (0.5, 3.4641016151377544, 0.0)
126 (1.0, 3.4641016151377544, 0.0)
127 (1.5, 3.4641016151377544, 0.0)
128 (2.0, 3.4641016151377544, 0.0)
129 (2.5, 3.4641016151377544, 0.0)
130 (3.0, 3.4641016151377544, 0.0)
131 (3.5, 3.4641016151377544, 0.0)
132 (4.0, 3.4641016151377544, 0.0)
133 (4.5, 3.4641016151377544, 0.0)
134 (5.0, 3.4641016151377544, 0.0)
135 (5.5, 3.4641016151377544, 0.0)
136 (6.0, 3.4641016151377544, 0.0)
137 (6.5, 3.4641016151377544, 0.0)
138 (7.0, 3.4641016151377544, 0.0)
139 (7.5, 3.4641016151377544, 0.0)
140 (8.0, 3.4641016151377544, 0.0)
141 (8.5, 3.4641016151377544, 0.0)
142 (9.0, 3.4641016151377544, 0.0)
143 (9.5, 3.4641016151377544, 0.0)
144 (-2.0, 3.4641016151377544, 0.0)
145 (-1.75, 3.8971143170299736, 0.0)
146 (-0.75, 3.8971143170299736, 0.0)
147 (0.25, 3.8971143170299736, 0.0)
148 (1.25, 3.8971143170299736, 0.0)
149 (2.25, 3.8971143170299736, 0.0)
150 (3.25, 3.8971143170299736, 0.0)
151 (4.25, 3.8971143170299736, 0.0)
152 (5.25, 3.8971143170299736, 0.0)
153 (6.25, 3.8971143170299736, 0.0)
154 (7.25, 3.8971143170299736, 0.0)
155 (8.25, 3.8971143170299736, 0.0)
156 (9.25, 3.8971143170299736, 0.0)
157 (-2.0, 4.330127018922193, 0.0)
158 (-1.5, 4.330127018922193, 0.0)
159 (-1.0, 4.330127018922193, 0.0)
160 (-0.5, 4.330127018922193, 0.0)
161 (0.0, 4.330127018922193, 0.0)
162 (0.5, 4.330127018922193, 0.0)
163 (1.0, 4.330127018922193, 0.0)
164 (1.5, 4.330127018922193, 0.0)
165 (2.0, 4.330127018922193, 0.0)
166 (2.5, 4.330127018922193, 0.0)
167 (3.0, 4.330127018922193, 0.0)
168 (3.5, 4.330127018922193, 0.0)
169 (4.0, 4.330127018922193, 0.0)
170 (4.5, 4.330127018922193, 0.0)
171 (5.0, 4.330127018922193, 0.0)
172 (5.5, 4.330127018922193, 0.0)
173 (6.0, 4.330127018922193, 0.0)
174 (6.5, 4.330127018922193, 0.0)
175 (7.0, 4.330127018922193, 0.0)
176 (7.5, 4.330127018922193, 0.0)
177 (8.0, 4.330127018922193, 0.0)
178 (8.5, 4.330127018922193, 0.0)
179 (9.0, 4.330127018922193, 0.0)
180 (-2.5, 4.330127018922193, 0.0)
181 (-2.25, 4.763139720814412, 0.0)
182 (-1.25, 4.763139720814412, 0.0)
183 (-0.25, 4.763139720814412, 0.0)
184 (0.75, 4.763139720814412, 0.0)
185 (1.75, 4.763139720814412, 0.0)
186 (2.75, 4.763139720814412, 0.0)
187 (3.75, 4.763139720814412, 0.0)
188 (4.75, 4.763139720814412, 0.0)
189 (5.75, 4.763139720814412, 0.0)
190 (6.75, 4.763139720814412, 0.0)
191 (7.75, 4.763139720814412, 0.0)
192 (8.75, 4.763139720814412, 0.0)
193 (-2.5, 5.196152422706632, 0.0)
194 (-2.0, 5.196152422706632, 0.0)
195 (-1.5, 5.196152422706632, 0.0)
196 (-1.0, 5.196152422706632, 0.0)
197 (-0.5, 5.196152422706632, 0.0)
198 (0.0, 5.196152422706632, 0.0)
199 (0.5, 5.196152422706632, 0.0)
200 (1.0, 5.196152422706632, 0.0)
201 (1.5, 5.196152422706632, 0.0)
202 (2.0, 5.196152422706632, 0.0)
203 (2.5, 5.196152422706632, 0.0)
204 (3.0, 5.196152422706632, 0.0)
205 (3.5, 5.196152422706632, 0.0)
206 (4.0, 5.196152422706632, 0.0)
207 (4.5, 5.196152422706632, 0.0)
208 (5.0, 5.196152422706632, 0.0)
209 (5.5, 5.196152422706632, 0.0)
210 (6.0, 5.196152422706632, 0.0)
211 (6.5, 5.196152422706632, 0.0)
212 (7.0, 5.196152422706632, 0.0)
213 (7.5, 5.196152422706632, 0.0)
214 (8.0, 5.196152422706632, 0.0)
215 (8.5, 5.196152422706632, 0.0)
216 (-3.0, 5.196152422706632, 0.0)
217 (-2.75, 5.629165124598851, 0.0)
218 (-1.75, 5.629165124598851, 0.0)
219 (-0.75, 5.629165124598851, 0.0)
220 (0.25, 5.629165124598851, 0.0)
221 (1.25, 5.629165124598851, 0.0)
222 (2.25, 5.629165124598851, 0.0)
223 (3.25, 5.629165124598851, 0.0)
224 (4.25, 5.629165124598851, 0.0)
225 (5.25, 5.629165124598851, 0.0)
226 (6.25, 5.629165124598851, 0.0)
227 (7.25, 5.629165124598851, 0.0)
228 (8.25, 5.629165124598851, 0.0)
229 (-3.0, 6.06217782649107, 0.0)
230 (-2.5, 6.06217782649107, 0.0)
231 (-2.0, 6.06217782649107, 0.0)
232 (-1.5, 6.06217782649107, 0.0)
233 (-1.0, 6.06217782649107, 0.0)
234 (-0.5, 6.06217782649107, 0.0)
235 (0.0, 6.06217782649107, 0.0)
236 (0.5, 6.06217782649107, 0.0)
237 (1.0, 6.06217782649107, 0.0)
238 (1.5, 6.06217782649107, 0.0)
239 (2.0, 6.06217782649107, 0.0)
240 (2.5, 6.06217782649107, 0.0)
241 (3.0, 6.06217782649107, 0.0)
242 (3.5, 6.06217782649107, 0.0)
243 (4.0, 6.06217782649107, 0.0)
244 (4.5, 6.06217782649107, 0.0)
245 (5.0, 6.06217782649107, 0.0)
246 (5.5, 6.06217782649107, 0.0)
247 (6.0, 6.06217782649107, 0.0)
248 (6.5, 6.06217782649107, 0.0)
249 (7.0, 6.06217782649107, 0.0)
250 (7.5, 6.06217782649107, 0.0)
251 (8.0, 6.06217782649107, 0.0)
252 (-3.5, 6.06217782649107, 0.0)
253 (-3.25, 6.495190528383289, 0.0)
254 (-2.25, 6.495190528383289, 0.0)
255 (-1.25, 6.495190528383289, 0.0)
256 (-0.25, 6.495190528383289, 0.0)
257 (0.75, 6.495190528383289, 0.0)
258 (1.75, 6.495190528383289, 0.0)
259 (2.75, 6.495190528383289, 0.0)
260 (3.75, 6.495190528383289, 0.0)
261 (4.75, 6.495190528383289, 0.0)
262 (5.75, 6.495190528383289, 0.0)
263 (6.75, 6.495190528383289, 0.0)
264 (7.75, 6.495190528383289, 0.0)
265 (-3.5, 6.928203230275509, 0.0)
266 (-3.0, 6.928203230275509, 0.0)
267 (-2.5, 6.928203230275509, 0.0)
268 (-2.0, 6.928203230275509, 0.0)
269 (-1.5, 6.928203230275509, 0.0)
270 (-1.0, 6.928203230275509, 0.0)
271 (-0.5, 6.928203230275509, 0.0)
272 (0.0, 6.928203230275509, 0.0)
273 (0.5, 6.928203230275509, 0.0)
274 (1.0, 6.928203230275509, 0.0)
275 (1.5, 6.928203230275509, 0.0)
276 (2.0, 6.928203230275509, 0.0)
277 (2.5, 6.928203230275509, 0.0)
278 (3.0, 6.928203230275509, 0.0)
279 (3.5, 6.928203230275509, 0.0)
280 (4.0, 6.928203230275509, 0.0)
281 (4.5, 6.928203230275509, 0.0)
282 (5.0, 6.928203230275509, 0.0)
283 (5.5, 6.928203230275509, 0.0)
284 (6.0, 6.928203230275509, 0.0)
285 (6.5, 6.928203230275509, 0.0)
286 (7.0, 6.928203230275509, 0.0)
287 (7.5, 6.928203230275509, 0.0)
288 (-4.0, 6.928203230275509, 0.0)
289 (-3.75, 7.361215932167728, 0.0)
290 (-2.75, 7.361215932167728, 0.0)
291 (-1.75, 7.361215932167728, 0.0)
292 (-0.75, 7.361215932167728, 0.0)
293 (0.25, 7.361215932167728, 0.0)
294 (1.25, 7.361215932167728, 0.0)
295 (2.25, 7.361215932167728, 0.0)
296 (3.25, 7.361215932167728, 0.0)
297 (4.25, 7.361215932167728, 0.0)
298 (5.25, 7.361215932167728, 0.0)
299 (6.25, 7.361215932167728, 0.0)
300 (7.25, 7.361215932167728, 0.0)
301 (-4.0, 7.794228634059947, 0.0)
302 (-3.5, 7.794228634059947, 0.0)
303 (-3.0, 7.794228634059947, 0.0)
304 (-2.5, 7.794228634059947, 0.0)
305 (-2.0, 7.794228634059947, 0.0)
306 (-1.5, 7.794228634059947, 0.0)
307 (-1.0, 7.794228634059947, 0.0)
308 (-0.5, 7.794228634059947, 0.0)
309 (0.0, 7.794228634059947, 0.0)
310 (0.5, 7.794228634059947, 0.0)
311 (1.0, 7.794228634059947, 0.0)
312 (1.5, 7.794228634059947, 0.0)
313 (2.0, 7.794228634059947, 0.0)
314 (2.5, 7.794228634059947, 0.0)
315 (3.0, 7.794228634059947, 0.0)
316 (3.5, 7.794228634059947, 0.0)
317 (4.0, 7.794228634059947, 0.0)
318 (4.5, 7.794228634059947, 0.0)
319 (5.0, 7.794228634059947, 0.0)
320 (5.5, 7.794228634059947, 0.0)
321 (6.0, 7.794228634059947, 0.0)
322 (6.5, 7.794228634059947, 0.0)
323 (7.0, 7.794228634059947, 0.0)
324 (-4.5, 7.794228634059947, 0.0)
325 (-4.25, 8.227241335952167, 0.0)
326 (-3.25, 8.227241335952167, 0.0)
327 (-2.25, 8.227241335952167, 0.0)
328 (-1.25, 8.227241335952167, 0.0)
329 (-0.25, 8.227241335952167, 0.0)
330 (0.75, 8.227241335952167, 0.0)
331 (1.75, 8.227241335952167, 0.0)
332 (2.75, 8.227241335952167, 0.0)
333 (3.75, 8.227241335952167, 0.0)
334 (4.75, 8.227241335952167, 0.0)
335 (5.75, 8.227241335952167, 0.0)
336 (6.75, 8.227241335952167, 0.0)
337 (-4.5, 8.660254037844386, 0.0)
338 (-4.0, 8.660254037844386, 0.0)
339 (-3.5, 8.660254037844386, 0.0)
340 (-3.0, 8.660254037844386, 0.0)
341 (-2.5, 8.660254037844386, 0.0)
342 (-2.0, 8.660254037844386, 0.0)
343 (-1.5, 8.660254037844386, 0.0)
344 (-1.0, 8.660254037844386, 0.0)
345 (-0.5, 8.660254037844386, 0.0)
346 (0.0, 8.660254037844386, 0.0)
347 (0.5, 8.660254037844386, 0.0)
348 (1.0, 8.660254037844386, 0.0)
349 (1.5, 8.660254037844386, 0.0)
350 (2.0, 8.660254037844386, 0.0)
351 (2.5, 8.660254037844386, 0.0)
352 (3.0, 8.660254037844386, 0.0)
353 (3.5, 8.660254037844386, 0.0)
354 (4.0, 8.660254037844386, 0.0)
355 (4.5, 8.660254037844386, 0.0)
356 (5.0, 8.660254037844386, 0.0)
357 (5.5, 8.660254037844386, 0.0)
358 (6.0, 8.660254037844386, 0.0)
359 (6.5, 8.660254037844386, 0.0)
360 (-5.0, 8.660254037844386, 0.0)
361 (-4.75, 9.093266739736606, 0.0)
362 (-3.75, 9.093266739736606, 0.0)
363 (-2.75, 9.093266739736606, 0.0)
364 (-1.75, 9.093266739736606, 0.0)
365 (-0.75, 9.093266739736606, 0.0)
366 (0.25, 9.093266739736606, 0.0)
367 (1.25, 9.093266739736606, 0.0)
368 (2.25, 9.093266739736606, 0.0)
369 (3.25, 9.093266739736606, 0.0)
370 (4.25, 9.093266739736606, 0.0)
371 (5.25, 9.093266739736606, 0.0)
372 (6.25, 9.093266739736606, 0.0)
373 (-5.0, 9.526279441628825, 0.0)
374 (-4.5, 9.526279441628825, 0.0)
375 (-4.0, 9.526279441628825, 0.0)
376 (-3.5, 9.526279441628825, 0.0)
377 (-3.0, 9.526279441628825, 0.0)
378 (-2.5, 9.526279441628825, 0.0)
379 (-2.0, 9.526279441628825, 0.0)
380 (-1.5, 9.526279441628825, 0.0)
381 (-1.0, 9.526279441628825, 0.0)
382 (-0.5, 9.526279441628825, 0.0)
383 (0.0, 9.526279441628825, 0.0)
384 (0.5, 9.526279441628825, 0.0)
385 (1.0, 9.526279441628825, 0.0)
386 (1.5, 9.526279441628825, 0.0)
387 (2.0, 9.526279441628825, 0.0)
388 (2.5, 9.526279441628825, 0.0)
389 (3.0, 9.526279441628825, 0.0)
390 (3.5, 9.526279441628825, 0.0)
391 (4.0, 9.526279441628825, 0.0)
392 (4.5, 9.526279441628825, 0.0)
393 (5.0, 9.526279441628825, 0.0)
394 (5.5, 9.526279441628825, 0.0)
395 (6.0, 9.526279441628825, 0.0)
396 (-5.5, 9.526279441628825, 0.0)
397 (-5.25, 9.959292143521044, 0.0)
398 (-4.25, 9.959292143521044, 0.0)
399 (-3.25, 9.959292143521044, 0.0)
400 (-2.25, 9.959292143521044, 0.0)
401 (-1.25, 9.959292143521044, 0.0)
402 (-0.25, 9.959292143521044, 0.0)
403 (0.75, 9.959292143521044, 0.0)
404 (1.75, 9.959292143521044, 0.0)
405 (2.75, 9.959292143521044, 0.0)
406 (3.75, 9.959292143521044, 0.0)
407 (4.75, 9.959292143521044, 0.0)
408 (5.75, 9.959292143521044, 0.0)
409 (0.5, 0.0, 0.0)
410 (1.0, 0.0, 0.0)
411 (1.5, 0.0, 0.0)
412 (2.0, 0.0, 0.0)
413 (2.5, 0.0, 0.0)
414 (3.0, 0.0, 0.0)
415 (3.5, 0.0, 0.0)
416 (4.0, 0.0, 0.0)
417 (4.5, 0.0, 0.0)
418 (5.0, 0.0, 0.0)
419 (5.5, 0.0, 0.0)
420 (6.0, 0.0, 0.0)
421 (6.5, 0.0, 0.0)
422 (7.0, 0.0, 0.0)
423 (7.5, 0.0, 0.0)
424 (8.0, 0.0, 0.0)
425 (8.5, 0.0, 0.0)
426 (9.0, 0.0, 0.0)
427 (9.5, 0.0, 0.0)
428 (10.0, 0.0, 0.0)
429 (10.5, 0.0, 0.0)
430 (11.0, 0.0, 0.0)
431 (11.5, 0.0, 0.0)
432 (0.0, 0.0, 0.0)
