27
0.9977155146595567 0.06755554609072777 -0.0
0.9933504302201869 -0.11513002554229355 -0.0
0.9904583875901857 0.13781212737727197 -0.0
0.9520399788281293 -0.3059736568937512 -0.0
0.9893076307755739 -0.1458437920832446 -0.0
0.9994585721729781 0.03290231769878313 -0.0
0.8267085583202308 0.5626303934201253 -0.0
0.8453383630085533 0.5342312720405092 -0.0
0.9422452673884539 0.33492365709824207 -0.0
0.2327273940100282 0.9725420094151723 -0.0
0.8555018718068422 -0.5177997173956254 -0.0
0.7936151948837453 0.6084200214076086 -0.0
0.8275756729796766 0.5613541711720287 -0.0
0.4664513674769881 0.884546845440561 -0.0
0.9281740097451773 0.37214648679459295 -0.0
0.7365333566731332 -0.6764012230235894 -0.0
0.9475600621689353 -0.31957773480391727 -0.0
0.8434603781084498 0.5371913909968695 -0.0
0.7264840455879916 0.6871833318017143 -0.0
0.50984335676308 0.8602672558946751 -0.0
0.6972531428437627 -0.716824981982698 -0.0
0.9961680003656764 -0.08746036272192492 -0.0
0.9808727404228319 0.1946501145527626 -0.0
0.7704504890888642 0.6374998383236893 -0.0
0.5540378559625415 0.8324914739265682 -0.0
0.8202776355337671 -0.5719655589658634 -0.0
0.4470830299927181 -0.894492461842206 -0.0
